+------+---------------------------+-------+-------+------+-------+--------+-------+
| rank |            name           | score |  win% | wins | draws | losses | games |
+------+---------------------------+-------+-------+------+-------+--------+-------+
|  1   |          hydra.py         |  25.0 |  0.7  |  28  |   6   |   6    |   40  |
|  2   |     archive/bumble.py     |  19.5 | 0.425 |  17  |   17  |   6    |   40  |
|  3   | public/decision_tree_2.py |  18.0 | 0.275 |  11  |   24  |   5    |   40  |
|  4   |    archive/meta_fix.py    |  13.0 | 0.325 |  13  |   18  |   9    |   40  |
|  5   |      archive/dllu1.py     |  11.5 |  0.4  |  16  |   13  |   11   |   40  |
|  6   |      public/memory.py     |  10.5 | 0.275 |  11  |   19  |   10   |   40  |
|  7   |  public/decision_tree.py  |  9.0  | 0.275 |  11  |   18  |   11   |   40  |
|  8   |     archive/testing.py    |  3.5  |  0.3  |  12  |   13  |   15   |   40  |
|  9   |      archive/rank1.py     |  2.0  |  0.3  |  12  |   12  |   16   |   40  |
|  10  |     archive/iocaine.py    | -12.5 |  0.1  |  4   |   13  |   23   |   40  |
|  11  |    archive/greenberg.py   | -16.5 |  0.05 |  2   |   13  |   25   |   40  |
+------+---------------------------+-------+-------+------+-------+--------+-------+